$ANSIBLE_VAULT;1.1;AES256
63366439336130333430656163346662636535303632643939393961333939636464386332623266
3762666239333665396165383231396139373634333862660a393235616337333862623037316438
66653266666664356262663239653233396231323663343338666133666232343766316331616230
3732306635333735370a323666343463623932386534326338323637376538623438363063626530
63373335336562623239626430613135623539613933343562653631396432336531663931633038
30373132393238633934623636383237333231326232396666633562343264646433326234353234
62636335386630323138613562633864396335386662373137613638303834323931613661313635
63636630663739313535313536383431393266393336306537353238356462333438303533313065
36393562373863626230633361653837353332623265373535383266323164656332636638373733
37623835323864376134666462613265656333396531376330353537373566316636666339393437
38616538396461386137383563386639393963353264633633363938363232643335303761333065
64376539656332613131613233393234623064313034386662316634343833636139333237333734
30623039383866666565386130346638363733636166633930313265633037633066383731313230
39303865643739376236323166636431313265316133393866366136623036343161353461376438
34336233323035316436303966353935336339336264306236326536633534316236626439393836
32386630326335343135346231366130386438636532383036396332666638366334633037363731
66336130326539306337353837343236623339653734306264353632353564326231383133346537
32663762643936643130313861633933303032356439353764373261376533636164333566353537
66336237616463653736313966656331363737333365306432356131363462353136303739373134
39643431393937366234663831313434356231366561633130646531383039343030336464616164
65653965646232656163386464393630316339386638373732386165373464346266373931643064
33326135353064306263623439306635643639323332386264623432383835633133353839343864
63373537363161343836663432613035336137343433616366383837643533663532633833333630
38633564363738616663643864363661636664623436663035356133386330636363373035656231
34636663666435333235663331303965366264383039366534383266333962653861303265616462
61363132616137376337393231316539626662326662353836646630336164346564373564303634
62323530333337303835356634616364653837393632633435313064633061626235346364366431
32386531316235643238366365666130373365363036323736386239336166643130653135366665
61333163363333363032336138336134353230313233666236303961663730356661373966656162
33363739333937646536306366333533386130303435346331333766336139356635643339656133
64666536393961613131643865616538663737613863316235666635396362643731393339363834
64346333636637323665656266363339316331613032333432323437633830356331613335303531
64366534666337333537616364353631363961636536393135666538363730393034363136336663
31393032393031636164306433323336636532353366633839636239373461353639373131383339
65646238386635653535356634396566396361383163636465633233333835376466316163373135
63353334373538633339373236653062323737336461366466663033393139663938663339396337
30633832323163323030346130653830333362633539363532653361666164666336346161373338
66393431346430303539363736393233663332623331343534633937373262626364633465636565
36326234353562383062643064653863383364393431643239306565333935616565376663613435
65653932326666383765313138636165636537303538623865343861616336333136323665653038
62353763356566323463616532316236363265623835643861623530643536313664363432333730
65396361363766373464656363383336643033323336643530633161313038653432303563616634
38346562613532646237336635613361616639633630343033653465323265363939616164346364
33653262336163373339646332663839616438353462633339346366626134323032653164303563
63646235626163623438356431613261356339376336663031323631636264383936613132636137
61356430613137623032303232383065613364646462316535343932303363303733326364653637
35376463616530636130653931303738666132396136363666396236306331656533343764613664
63303232343561626562313832373133343539653039663063383636383865363736656530393462
38356231323465373966626335653362623062616431303463383234366461366534363163366131
30616336353434633638623463366361303436356435376464623264653964643431626132643234
61356438636436656632376537396630626435313536636139633661336135653665343033633566
65346362616561386638366131663236613039343334336365636632363939316330636664363263
66366666313634396337646239396165306237346266653339626166316338376237316230633734
30343638306334646365383932353239666536636164356562623961643464633166376165386333
39646564336466616133616564393838663162616664626462366366353263303237353934323762
61666538643664626230323431653637333632343633373033336439653836326338616562396166
34663238653633316461316535616132326430346161643138656264666166393738653036333665
65386434313531323438323338646137616662313938383061306539636365333032646135613265
33653139363630643863366439643066646438623733396634656333653533656531363638363738
37303264313866366561366362373936333935613738373965323530633135373066353837306335
30643061393038396264316334363437393835623234623730366566323739666365353637333539
39663130366235333663326632623966653565613633323634343166373835666135393061613861
30306336383731373466626365646563323630393335383663636262333738646165633466643230
38346161633137353633396265626636313837343130303831646661313361326139366135333166
64653131666539386238653661386230633061626366393232613462323430323937376362323730
39653132643230393132393835613933336463653137623666316234616264666135636338383238
61666131333363346161303032373363343466636565323732633933313634643663623161313565
39666330666238623761386661346433663837343639643434666565636439643837383964633436
65353262663033393831626663653035373164393561363433353530383037376237343737306635
30383535623430623336303333366665383031303736306662333537373238393335363662386331
31303231343866633638303665373134343065356664396136353633656536666333323738663732
32623931303834303434326238656633666266313763383730393164323436383563646263373566
32313030376638326666623235336264353763363762383265393462323765343739633365346164
64326137666531653730356366396434643136393931613637373336343433356665356361353636
64666337623337306335646662333233643533613037326432303434363438643738613164346439
64646362326230323933323230366165666639376131633835353766643936393665393264643465
33663930653032383338653338663036393961653939663330396230636131643637373133323562
32363666383465653462643963353439636464316266616330623336383661353862366566613333
32343336396165383937303563646238343030383531363533323735383435303266616561663661
33376634356262336239323563633733653666666133666364313164363764343939373134316563
62646638623766613562323937643537323665386664646538366563656664343565336433343739
32303239336363663334626436633735623839656537646436376336363961613339393663663765
38396266383535343763373665626465653163653163376366393962333465326630396231656666
36306132653138376639373737666534366133363732613535633563663564323435373236633737
35366537656235626331633464366161656533313037306336313164336366643531343032316138
33636166653339386130623962383232636632383761663435323034306639353433343232633163
34376337636362303262343534393066366563363637663039386534616238366138396434646230
61356465623834353135313535333838313264326637353932653161366363623363623764616634
36636435616635363462386638366666373865323332343665383963353332343163373964613032
64326264343465306238663130643335323363363466393939646534623962306464636563636137
39633738326332353764353837623433653338346430616530323161653130363666303064383862
38646633653835623230356333383834623332306539396262336633326534643832666436366139
65363562666565643764366535333330643139346261353636313936633038396265613238643439
61333733386461313262383439383837316635343731346330326432363366626537336662346337
61396335363538373961376562386337613061343661636138393630633761663738353463643831
61313936396131363164613262626461323832363562323833376166303766666638666537663266
30313932613362623838356134303630633162356561626536303966333039316339316335643335
31363364323438376466323066356462663139313762313432623434653064653262613137663930
37616431383564393764656166663437636339373737343631306663383330323838373232393632
35363763613665353433376166666365646630313536313264393738346338396364323263323638
33646434343437303830323737626238386438653333646434366435353464383631396633316331
38353934653631393039666132333762306431313033336566313330653031613031313937386565
35663038373162383139613436656431626164616466373763653734323962633639376364613965
38613134636662623331363562386333363137313537633337626139616530393131316561383038
31616334643762633137386430336165353833383138666438646131356665383737396636373166
64623931636432393336323163326334353165623064393963666563623361393130323231656364
65343461343062373166636530323231333233313665356364663363613239663364353836316238
66343739326438353130303134666166313865373965336131633034623163356335353730383063
62323734613431616632366666636335633835333539303966626230613332363130616364646238
66326266376133356535613238633133656162636163363730353638376462363631353134363465
61386636393265303330623234333861633662346261613232353535383963323761366432633431
37356436353939396334333937616432663735303362336562353232383339636563326531373335
64373861373235386633653566323339613432613065613764363234323237353561333232626465
30346639333638633764326339306630323235306263393931333962643939373064313630636131
38373739356466363263653430616561386637323135306165633936636162393134663935653862
35376635343566663661613766326437363666353530336637396638633533643363656538326632
34323161346461326336623932386338326438393039383031363136373339663531393761363334
36393534376362656432643434366639353439653862363639386431633730626538656134623832
32333636366431656334663465643634333363353033633963356565646531613165623835633835
63313061643130613131343738316331653737333532616563366538613761316465396162633462
64343830396636633263326162313336376234396335383966333435396133306636636563626431
66366637353362636234393934356631623963306333343831376635323139323731326332363539
35663561313065343833633665613935613837663435313966326431666635326162613461323132
64313862323735363465646463323263363331303333313231613237646536326261383236366461
63303566623866613439346535646539636362333536623461353339363034373162653031663933
30356138666532613866326338633634386539363966643934356139653834653337626362363437
32386465623136303664653239613835323434363065393930333861663964396563663762356262
38323664353238336234623033313734316432396133653636666465666366336630663931636139
31366236373939613438626465336232646463306566336261363463393663633231646462663235
34356431343665323365386330623264303632363935313633613939393936303535393361653939
34363539356361633832646332626236353266353037616164373439663038333265386236613033
61346335316430306436656136356262383030383532363839303938393566623462613639346534
63336238323933646561666439323936356434646235646239623032346538353331323864356638
32636536386363326665626332306233306661316139616134643062326533356230623734396266
64656561383762383163636437303061306563326336633033313739373039383036643233633566
65373238363663363230616561353239623930316434323532376666306534373530616239346532
37616537326433336465656339303435643732383635333436373166326266633231333030313434
34646431336338623935393465616235306436303130376666333836356237363062656538623532
35356637376162643963333564343633633032653065356163323833666139393931333966343561
62626262326265653636653737376631333333666536343166623130336162633262313263326439
30343832373432373737613432653435646165313863346132616637323130663337343731386638
32623138376436373664633465353434356264323339616431636232383764323366303033643838
63363934383332643863633630663036323432636534633065306635623232633337326564643062
31663966396435353162353532336531333036343832636436373666613565336335663634383633
65653463346361353432376234363037363237373965383339313666343864353339386239333236
32643066316537353933663663613738313834353234623931623437323838333530393464636435
65613536366530376135306266356666613839656537323736393833313533666135373361626661
30633261303034643733366630313161323334643236623339653561613062363339363533333062
62306134313832303761646266613538616461623738323361353437393963663339336235633263
35626538666439643562306230306232333734393238383963616533373334663233303866303830
30336664646533366332326334303834643463623963343330626636313230666364633532396235
38613133666365313530396561363838636534623963383732666439663338316236666462303565
32636437366565623462656632626132646562343163623632363930656431326161306363383230
65343634313032663962653432336434303231313937343962623436666566323536363662346632
61303965633464636236363161643765316363616539303130393066653938323532303930316563
31643764616538663239313363356465663739666366616665363661376232386362393838373866
66613734313536336133313230653038646634366663616636356565616237376337396136306432
30613261653965383232373036323139333338323030633361376331643739613034616336656635
63666439383738326265336637666436633935333565353335303136313432636633613334626165
31613435386136623836646537363438323938326337353330633532626535663538356366326437
39646461363566313435326263386637343136636336373930313237353537613535653566646264
35613761636565333631383462333331646561333365353061316236636164663831323462636233
34323132346230376238343336623936623339356636663033376639666363313735613333656139
66313461393539353163373365663437616262343938343337663166653436633331303764633632
37313138666633386164323131626430353034383636666230656138613666613961633631353864
35303539633138386661373933663239306334373237613335613761663734313238353135373864
31623232383066653234663561643732333663386134383661653833666330356233363530353033
62333465343239373939303864633337393137643337633635613938336566396363323831393838
35323933323762656165636437343630613139373333303230363566396534373632663331663739
30323236613963633831323037323733313338626238326238636630346466393635366237663632
62663464363165316230653236636337666139393032336233396666383236616332353431336165
33393265353738376166653237653933643339326331613562626265626131663232303662303865
66343134383161353232626137393735636539393738353631623965386464633236
