$ANSIBLE_VAULT;1.1;AES256
34383563353961303436336634636435396165393535306466656233646637616366643631313261
6162323632343864383563346535653533393465356132390a393432313732636465333862323939
37323935363135656464616331393636346437383338363063333535313633613462333766313436
3939313239346335380a373438623637653734373933626630323833666464646337323964616633
62643264623435386531323838333136633063333265323066656439613532376538623164323737
30306438336437353463613866303035623166393234333664636262383762663632636430656237
30653065356631373361373662663634613834643438663132396266306439363938373234633930
33346263393139663364393865356430316338333661336638623162383234373966303636323235
35653833643035666537376333373031623433376666623662343065353339646666393837646539
38333861653330383065643735353237636662666364336131376164623639663530356165386463
64303431666637336138356239633730396637336532626537323335376462316364306664366431
33663331613236333264663064643532663537313137616136363534343964336232376337366161
30636464626262386138316230663262336463343039386137616166313739306134346362353439
66326164623966383165356464656632366166373737653963623031316232303831366138383839
63393762323030353265633630353466626663346439336565333235626564323237383062316433
39663961313837663833643465366461333162373135666663366139616162633738363736663534
66613635623462633865323765363764653439613631396336623263646236306532333738633036
61363462643731666264393162613365383332336530323763636434343437313930346333313966
37616339663062343138623738653338373066626666363836626434396364383931353431636336
33666335376537343937623263326564643962613233663437623335653233316235393532323437
30643462613138626664393039373637396461363332383961663961633538376366613933356265
36313162646365333334313839643833356431336565666262656538323634623861313838386564
30333439376637613238313762653034363635663633383739663335386431613563343436373932
64303861373263373939323162383537356235363738396362343630353166323337623436613430
30343161323539383035636132303264643630323131366637396535323632623861333536366430
39363239383363656139346161626338346632613532616232316132353666636166623066336164
62363131343763326261663033343239386231636130376163656131626165623431643366623730
61663731383535623133346131303661636138396537323832613638653631396339633236656663
31383337333839633131376632343335346430633962626361663937363433343166333435653936
65326561373664373030313231313161303835316164643438643561666631643238653263626665
30336165666537613364663934323232383933623364353061653634623363363161303439373563
32626233393966366434373434306663306436373433396633643362396262363933646466653764
35623765613239653463313666303363313232393163623739613630346532613762363231396662
38313232363436386162333436316139326436326237373335666233353839633938396137356434
66646164393231666336666536626238653038383833383131613730383831336139663431653461
66656162323738363665616662366134653738333832613265333838306261343536363137613634
34366131363734373438613333623165663831366535333461306130633833646233316531313564
32333863303033326262303937656163383530363966353962343030346235393430646533656337
31373661363566663165643535323836643165333039353836613339373935323364616237656538
64626631303364356332663962323933626565653630383636336638623063336665353564363237
36343863306531666662313062633137376431613565313364616538663731663730393239663234
35396162353461323633633339363738313230616435666632326637353366363432303465356565
63626234313131636438383730333961643334376330646234623763323062393334643333313539
66653033616536373661333430333433306139373332653534343564323436373236326333336363
66366637626237353536636336643362383237636165343131306362386333316430386539633035
66613135663036663363616161663861343338366566613338303439303338383963303165363838
66353231303435393439336161653461313836613434346164353031663462663739343161383232
61306536623565383164383663646263323562613764353838613665313265373037623333316532
30306539346131613439396334353362316665343031613032626230336331303564376338323334
35383734643462643365363964616237653139316362376431316563666530383638386166316137
65626238316336393761336438613834303165333061643032356530623362646330356631656639
34346433396436343364313031313432376165383630336331346135383938613234343564623034
65653639336235353830613132333465623439353165366331386137353335373733623466643464
66376533663333386430386335653535306231373039663332353932643031386163313433333234
65323138336134356337363432363635303463656665653735326536636563363132373038613262
39373465346365613034613137343332653738313264643766353065346232626237653962663166
32323238303631383431366133663434363534626133353732656162333862633134326238663764
63646337633465363736323533386562666366663332306363343430336330343363343939653933
39626162643231323036383239663633613337353532303038383166396464306337623335613963
34356331626261646335353665663764323437313533343339386633653337373066346530376461
33643163396166356338336136306637376666623461643433393466396338386231663338653135
33613765363738336335643461663965656432323530396432363436663430663861393139623136
37306339373461363530303234653630366462396532356232646636613337336439643139376138
34366161366561353362343562653563393962646433393333386130633235633835323361366634
30373434656231656561613032626532333833326165393566343630653565393939336166383563
65303436386531363938323338366234653735343232653732636336666534313062306530323030
30633432313836303138333465336163636630616464363163376234313036376636353263363766
66646532396462653731343665353734396561636130306265633638653831333165333738643664
31353837313635613764356466663064636330333031613563643135393033616231366563643235
61353731666135346435356137653032623434613530396535633731373534323536356666353462
64353238353539333734663732383939646333663561663034333832306636393835333338306138
33653532386631346532393236376531393433613336333761393037666165666138343161316530
65313866303135333730666530336636666433623834386137633665363839383238373962353034
64633431356231623062376466643836316563346336633033323162663136386235366639333838
31623834616665643062366237396335313831643465653237396664303564623130636561323662
38306430613134363035663964333133373662656338316262393463613864643162636166386636
33323261323563613430333566373839316538366334373934363432313134306237326564636265
36396661323364336530646138346530316339393831313231623836373566643930613934306230
63373539363831363836616534636531633630323065616362643765303666626561333937646165
62313762666562323935313633333062353539616332333533363730333030626434646633326366
30626237303334633036663735626166326639656534666265613831343762313632616133646136
32326235666333323337316265616335376161333531663634373735643966643338666630323439
36303564623061316438653235633536653237373530356132383464313332663763633632383339
63633331336363393231643230366462613739646338313164323538653834383630636238346137
39333234616333356539653830373763616561343837313663323966656335343733303633623664
66396336666438333263663365366566313833626135306430623436633139366333323330313731
65363333646365323939353733616637653061653561653266633465353833653466663762346230
30353766666262623964393031333861383263383431366536373365336335366261363261633733
64616364613837323066636138306537366336363932646532303133623361326331303465663766
65653864396434616261363933323165626534353235353131313332316535333235323631383861
61666564626332356463376136383731386637646134336366313862653834326439633830343134
61616634646530646162313136393766653239393937623637303332616566373862313230343662
32396138646663383664343362363261313330636430393361653035313935663761316431353336
34313132343665613438376566386136343666663434613732356634633433353532353634313831
64396538303136313135323332623463336335656337353432336339343033383930623232396234
61363739316135343235613236626661343830386138626235623432303266393863346465343235
30386565383765373563363662653531306237326531373564613434613166303534633466313861
34396130626234633134353734356262636464356435333637306338643332663938376163333166
37333364343462313361653334643365313364646630303261363034346638616266333764343562
66623961643730313431343334313630376563373130373362656131323934643063313432613037
63333664653162323934623038666436623365346362396565303063376333366238303032313761
39636562333131336662326563646530326432393166366365303633643734376533396136613639
34366562303439643139633664356639663037636135643432663530376463386239663062356130
64626137393937343661326165616637623264663639313466653964333766393737353264626434
64643033306630346161646365303236656331333463353630363963363138643464396230306265
65333232316137643331393066633937663535366237323634313466366138363462316237373339
34383536343032626135316331633662346132313339643131363465336634653037393132373839
32383430356337636533636133343661353635663961363133373366386266376666633962646530
65626335323261313234333061303134313665363563663238346230313666656666663231653038
37396663663635623662633131653537666163333866623830363134383863303737363638303163
65353633613939643363396434643832393638346437373061313936363337363361303532346138
64343737303636383766643064646336303137326239336566666462616363363332306363343134
34323566383031333463316239343133613738633734616531343437373831373938636631646434
62613136386539663737326137646364313936323861343534303932323533653936303133353130
30666631383532396230323536613937343530306135313236323330323433306664616535313833
62353833653764396136333664626366623261356564303862643231356436653361396663333762
34386231653736626330353562346138613635336337326237303733306231393763363139623632
36373231616333633133643063303833333061653434656163653965643632396564383833333965
32333665616230636136306230303232366532633464343139313835646239373635373561346438
63643266656164343464343165613936383863303161323632306237663434383464306164346337
64646433346662316430396131653733313035373235613662643166666537633366323037343763
31653034313566623363636535346538323565623631666132353863353435623632616232663436
65376337633430623162333634643735366662393266666663643362363836653634366530386666
62393461353434306436313338356135303064323835653632366566616133326539353231643336
62383862636363626637383231303235343738333864666239666634343433363439666437616433
63643032666435623634636461666230333031313262373938386539626361383235616231363139
65643437646334653335323037336162333539363633643237653865663937393937613638616334
35313538616237613265633464616561316235313566316535326233363534356166363562303037
65633666316533343038623636626533333566336565386236386632393234313230623061373234
36633831396636613635353265353236393766643535666130646461643538336633343561323032
64393638303033393366376362666338646564313330663364616531656163636362643532346337
34636433623664636163613466663133383936656234653039326361363138333039356362303232
30636330343533653165316636643936613830316634633830653365623365383930396131316138
37643536613864306463333162386138623230623830306437356636336232623436633334303462
63346430373231613736303961643333373033323630633961613061316436663962666136303262
35653462643231666136306132613564353930336432363637353332313937356561346364666534
34613235386435646232386534646463313539613665326333656630336430346333373833343831
38323236383035306233393138623065366364356136386366343834383437313266303762666438
30643830616535353330346163626164353466306438366136666261306366623535373266363434
61326563646538356137656465646264363662383166323139393531626632366338356265643766
33643730336366393136353130643635613664353461383462633631623462363661363931356464
64333366313439313863623038633834373663303737336337376232616438346439656132333665
63366566666534343164353961333231653931653835616163396532323532306632633166313363
39646436323663346431313631626235376266316339353765346363636639316462663866623536
61643834656163633736373137353030636238663231323637363732396566306264653135326237
66663933396431363561623064643935336630386562326335646138336162623538623839393261
35626664343930653665643034643265656564396436333663613436643134643064363830356266
38356634373833326636386432386632326634343031626631346230306564316532363931336635
63356438643961613162326532326330653463613065633838396565303834613365363732383134
65623736613034326161356533356630613638343539366366383439666636336236646138633163
38323831346363653737613763313637376266363639363466653837653338313362343233353366
38343233623833623931346561393962646661393330646533373563623639313832386562316133
61356239353239663430363335313662633462323666313232333936616463313430353332383731
30343837666662336339376437643663626537336161636634353035323134393635363165656163
31343661653531386534303864366631366336303939653836623539666365666535663939666463
64306138363262386535353161626563336430666535663464346461303434653030376664346132
33313132393765326261373261623736353661343530656530626131346338363035656666316461
66376238363965383561346265373866633064336339613632366334313135316465333632306163
32376164633534383933386434313831303161646536636630653134613737336563326161363431
33623734373537336464353733333265303132633538353533653231343566366233313638646134
37636635393966303763653731383137363861336135633331383335643433316465636232356665
66616361393137316237333765313531333236626333373064313866376537306537333761316530
36396139366633663435376539646261666536393432623837636461343338633165363634626330
39646638376136353439613733633034373164616663663434376139383964393461636661626637
36666538663436663839396539393236323930303761623331346665363063666638353930383566
36646536306637383466616162353365356531613433396136613038353765396532356436626266
66303863376135366531326432346666386134366562396337653832666266643732663033383838
66353664353730653238353739323334656132653731373763326635373436376461643331363637
65346535613935326533326638636462636563616131396464626336646635323636623630393535
31303939623237616261396464313165663636316236636531343330343231316535626466623930
65343534613161613739616337303333373837383961303866613239303638613935653665666333
36363563653239323538633436323731376165333739643161383065306162336632393738623938
33663166623762636166393866323230643633666438393531643162643930663036306336303631
6235306232623038306330306638656133393262336637363364
