$ANSIBLE_VAULT;1.1;AES256
36316532373563616335626133353863373538613133656639343134373533303933396331663837
6235376437343933346430393365643737663962323764610a616635383939623537613366356164
63376536323466666331613865303663373731653264336465353032656364636561376334646537
3630333430366531330a303666343565353434376239343132643632343132666535626462636364
35326432346265633564353565353832643439623536373561363434373862643262343832313431
34656365326562633839343534653736346264616330623064393039376165643937633566383136
63316239386232666530653835313666343665663836623962313565306133653231316561653235
38363763373937383439393163643736343233306562646538613864663264353737326363636532
64313335326633313365653231373665636266393531353165343265373636616631376435623861
35363066363564656361356139313833636563613862656133656366336135353966633762613939
38346361346434316531373930313662353130363935363631326161316431363731306465646132
63653866313837646363356165353136396435383566376565316162393930313633613966353238
61323666383137636465303530613536356631656137306333656463646538343030623565346333
36363636313061393230343564333365333162363663396163636261633339386438383536326565
38616339363236633233376364623162343834333035653161363363383162616634326562323431
36383935633430653230356633303365336531323634353334306534373932613637366639653438
64366138333964626566363565363536626462613865393866666236356632653465313438386161
32653666373034393536613361393330373065366163373832373733613531363636613336373030
34303238326261346532363233336438393564356331386635333737396238663963663966616466
33623961636538363961623764363230633665383733313366633737393132343731326135303666
66363362623739323265666133616232386138666437653865386362353432396463373732356365
32656562373762303834396139616236613039396330326139666330636635613633643964303638
38323632613261633533366536393233643965653564373936366361376663396266346463633261
34633035396431623734373539613364366135653062663061383465646430376130636337323634
35323061656362626536366639633830343564306466386564373832656462666662316432623364
33666562383365323239376132616166353465643036393537663436393433303235356361343735
63346465653864336337353736366535653034396532356264666430643164646535303035353931
31313439373936323134383433396335666163346138636238346463653433323263323839623138
64663238653164643934356231356135393565316561313837393331393138376633666432643837
61383361393132646264666631613764633033383234656534346365356539323633376239626430
38373931313034396339326234306430363065663865613531303436663437373734333636666263
65623066623365306239313964313066346331366330343766346630303131323261383933623631
64613233383137393938643932373530663362313663363935373035666134363834633564323435
65363832373063323338393565303934313030646366346535633539396432343235386133633334
63383064656463643064336534373934363337373062653162346132646233343864333963363639
36633163663539366239353034396539333732656263396166626234326436353234383037336537
63333964306362346562636464366238636665653439326662313565633838646630323264623931
31326362393861343236383832303937616533313966383062333539383961376538636362376334
38346632323061393831636636333462626164376336306531306132653163366165656165383661
38663434356435623332633333383637353731626138623432353039373639333630363336346265
36353164333037613163626165346264383465343333633936366536303264376565343838353539
64616364336636656533383261643735343033613737656266313533616461613237323131643130
34626130666664316662653030393638646239353233346164643164373135303836653162653365
65383434323463633933626133323939353633373833663563393735383962353763646132643737
36633463383266363361663737643839626332613536633938643739653335353335653665633037
30663063613262616261386466393065306135353066616633336132303261373332343032303732
64336530383863383764386365623133646533303333383439616437343035363539323433623933
34303639313633623337636236343563613232343965333739616630363733393466376436306234
63306231306430303234363536343366383864393330383636633765616633623765363139373261
61356337366432386366303234376532396236656662636566626265623761333130383561643235
61303238303639323234626436643963313233356462303539383737623835386334613865383131
62323766373765343839613965313239643563643561336662356363346135663165653632633932
65336665633239616562346336303963303136613431613937346332643462636532326638626537
66613831353033326334396564643037636463356162633062646466376438666439343363333765
38306161326138326337343336323137333935613562346164323534663831633938643833396461
32613461633137626565626465626134663337643439663063353563343836313233663935626336
66653366343932643738343739653830623162623831323562386237376262653133383865396365
35326232633136306331323531303165323738666266653439613530663436653032616130636337
33383337393862633737306537363236323464613261636333363564353163653161396439623434
32353536356537383231316334363735623862373666316238346537386666653733356633333432
37353934323032376434646538666261323339653935386363396438616430613465373463366232
37373436646238336235343266366364396130616532663838613337653734303535633366343733
65336632303764313030343939376639323636343337366532636233386339643933383963303537
63613734356139373966633133626335383162323030313865653435393036313730636437343538
65653262656466663938353339366332303833633430356534636630356333306134346132383736
38383335613936636638613138373537363931656139323537646462343730366132666337666435
66353832366266373233373833383337666164333639626138353333643732383431643930333330
66333934623733366337353463666531396338636138626364633239343932643134356537386266
65336435383562623361373538376436333634633565623363396431663135386464346130663161
35653636353538333966323138323631363664393539336238663866346463306238306166653634
66373564646536656532316232626634303534623839363566393832393834386634616636613837
65306437316636393230323861663333353937306265313564323732653831303339613730313366
61333737323565333765643637616136303565643932356235336534363530633739653566323532
65383365663831663031353438646164383930323762313932313963393663306131613538633030
33363566613033346635343064363634646565366461626337643333333337363961626632623033
38613465333862636564373166643763646437383238636332663131653030656263643037303532
64633833656331386665306137396465653737666638633036306433336330633037393937623832
32356533373435616234613537326138363063663038353665616333383962316465336161323938
39313032346637316131343939316534663439353966383134373338333266376165383038346366
39333038616264393664323066643339386363626138643365353633326431653463336334663736
62656264386536616135646364353734336233306637666230393762613164643737656430316635
33626166363866613436353961326433393534363737663364333163353432626331393731373133
34636361363339393931353565306339633064333835396535316133383639663339343434366538
36633662613831393935623734633735353132346231316331653566663235653638383863616239
34313866626133656662383363333165396233396536396230306633326463363637613136663161
62303362663130366333353638326432616439646534373934396230326163343863346237383238
64356164353666313631323530316262366432343433656439643662356134616532313337616663
38626464653332326439633136613835663736613538313161626538623439326337303861383130
34616564313165646236313637656235343762383262373066633636353963346362326131373532
32663832306166393863633735303738363738326165306437383962616564626537303531363638
30306437303666343836323963346137356166376235663239313233346465393235333132653334
64376333373039653632343865636531323836626435383139393634633464353035313833373838
66376662383836313561343932343830366565363636633738313630303235636664333436663336
63343663633337653964356164333939303961376232396636323335386236643135343630303533
64373134333966623136643736626162643634636636643362646132323864653838366535626166
31393337313837383462623436363966656339613738663932666637666666393061386536333564
65366364626361313135383561363931396366363932646365393334383365663635656139353533
38643866656135643838393039346237303136633831356131353739386561393333636332323935
61343730313633663135316363623033356665316139656363663366386663636662346566326130
30383937626338373837636133613661376538373663616639346335656363303735316138613865
65363336343533633238383262373635613538363733666136373965383562393630376536613263
37613637646139663738323835393662666262353935333032323739633534663333346430343263
34613562396264313662316561303362333630376636636631386336636135376664313130313932
35396162653330623735333661393638383230333437633865363461616634346331316563363361
39393636666636383434646237646364313065383638376439653336396533623633663836353539
38666234316130396166633231303765316561303937376637346236383932366631396665666636
63353133646537303563623364636265383362646633633136363231373131373230613335616562
38613133623139383133663365343465313961643465383239373461636162623332323337336134
61306637333033363361376532376565656132316439663766346164386664663435643433653330
31386263343466313066363561303435346134636336343334393139613536313735343831653164
35633435326637623230633631656431393232643638653230313533383135656638386463643535
35333937626363316364353536633634373934633763383966616330363563373162653534396632
62383834316134666139396463666362363930346435306336633931383836653363623030396532
38613161616561393931646131363334633964303733646230396261653533396166633139373333
31623262356264366433333035343033346232363461663833303637323230383866376234333966
39323037633835633966356237633863326433363836663133393635613732386236633437646334
34303763366466366234303430323564616462623839653965373237666534343536636261356662
33303735306431656332363230336365393733613064306163383234346366623731663665303735
39373036626537616438313163346164626639373432346636623461383637653339613064663535
62336232356366393733623534303531653838613935343838326465656435353061373963623162
39336532623139333231353332323237396531393562363866353934363530343764353530626266
66306331653663333037333664303332623066363762616166663431656437313565306235646264
30363438626365643932396137313661346239396666393134363661643163333639383636353761
61613134323763396666346631383436636136386361323032663530653439393061613030633537
39346331333233316535653262346166623337323635626334613238373837323062666363336639
65663330376163303338646265366133663437636438323734396237633535386462386532356236
66633830663765316537646234613866636563633363393237373039306366306166373863636638
30373166656339623130346163306561646265616439666439643836666632353730643834353034
62646534666463356233343766363462636561356563343164343037623032346431393239323162
35613831336136376230653033323239373962613164616632313763633962663638343765616665
39653136653733366136643439666436323363616464613965383861316136333865313664313937
33613539643335336262393866653337633766623130343262363037333365613265356433306637
39366232363431396135333865613861666534316337653135613331373566663562336336616361
39393934326165376332623235623462343734313536623636333431323530396363333836323862
61646635643032313133616235326661333932613462336434346361323861653638356631633765
38616562663338326663303863626663656138353061313331653662346163383636656438343339
36356330616631383131666364336535623039613835653531323633323738383539653634326439
30623234313166623136303866616332303036623637663466363939626139316164663433383663
31323061646538666434373030333334656236383433383462303636636133376130626638356131
66333864373463626464353330333333373866376633623737366537663231653034336436303930
33653265306361656362393032623562333839626433366239376163313235373432323265353333
64633230383766343332383339623864313237353466613032393465393939356633396463386138
61626336373766663766363162633861636434623530326362306230333864626465653936626566
30353539623332333432613566363033613031306633383830363633376533613363363432336361
61636463313266643061326630353138663634626163393633386162383766333632623531303435
32653831313462366636366166336561656337366531306665666535323436356438386363643030
30336637343336313830383236353932633233376362373763343864363936383636333330623134
66636464316236623938373837626262646539633937623134666239613239323034306633396133
35353832626166656538343564626331613536396134363233333462633936306132623136613633
61313837313436616361636434633237393761313337363563643937303230323635653763336130
30653630313164376635346532366233383861363932343834323062316333353535636534343633
31643236623365326238393630366434613765396237656234396432623938353037656163616330
37623238346436336530326435393330313839653333316132616139363732383930386337636531
35303933643763666665623262346132653130363663303232306463383938636161356437656463
37623966383730636331373132383165383332313862666136343264313335303465363433303739
62646435323630306336626631663737303261633233373066363835363137666235323262363466
35396464323766313462643030396365646335653930346362393835666161353763376635633330
61323263393536303934323730633536396433306165666534633138323332376639623662653236
65313963333066323264633261316138383063366335343738623330626330633038663837643432
31663239353739313564396139356337323935373331623865383836636431383236633563313462
34653163646537616364656330663463313035336634336639363435376630383137363332646662
30326238313164336134623933616338343562396137326137303135663331326566613966663834
63326162616437613234656661396166336639623735316266336165623335353064663133663762
62616364313363373234326235383333646563303737613563656636666661666339353733666266
62363630313963363935356436343836343839653337616232663662623434656437323733356138
35633130313036643363323936386338383665386133663530396237303266396661383137666137
31353239666436643132643735333264353933333338636666313466336331333938353334633437
36306263626563336465653131303262326561386362306634633165373734396365623066623131
34356666303236333664353231363435313632643130663438376239646531353666323732666639
31663234373637663463663964646431323033666562663966633036396366346135623939666263
62336165373537393039323337323065303139666563303962396439643637643338653938646531
32356434653631363362616431616433666564353534663032666537343164393136383836376166
61646239616436383436376362613437663832663731383764363736333735653032
