$ANSIBLE_VAULT;1.1;AES256
38366533393261363233393839366265656139623931353764653439626662373431663035383735
3431666634613538626366336434326639323530356163370a396437333233386438636439343034
61653138613339323062633335376430333832323364313163313432396665336466646465333661
3430383066336536390a663138393439613732363364616431663262636136303434623963313435
32363736363638643964336432666364363166643664343332303730363738613139393538653562
37656539386364663839656438616266633464663334366333316465303333383539616536653637
61656430353863376436373435316566626261353361373735633235623563313436386433376233
62376563613038613535623562663230326432663237363261383134386630306162646430356630
34636233343965366132643363326266643738356233646635626633316365353362663866636536
63383361356362663732646362366633303962336338343161376238613230626332363465666162
37386535303932386630376235393839373565613064393936386435306532316162633037333637
31633636306563356137313561343135323234633161383263643661613834663539636463303064
61616564386131653962366438653139663235353934653137613431323062646365343738663736
66313832336332613630383937333734343339316566653361346535333463376330383463373761
64303434363636343838623562326539363764613033653434326234383331623265653832633935
39653332323639633261336664616263353332373164663036363139363931663731633966316664
38643964623337323933366665363637316138636535303666326430333565336236323565306565
33346264616563373735633764663761643838313438653131616635316236626634383762316235
36623763613338313337643537303335376330396236656334643361303439626238326634323936
66366136623337626162613563626638643932613230333533396530303038306662653061633632
36623435386564303861336639343361333462656566633232366165323762326133666137613733
36363766613761326230386466626239316264633036653366316262333565396138373431346133
61643761366465363131653638643265343034626630363964616533613532616230363936373639
35393762383031653737653465336632393338323465643138363264646230376438656363316639
61653539663463633761303563333731646166393631316666376132643536633339613066306630
65323831323132333264666331336634343465376161666263646662346237636364643736323236
36386639373136346636306135396136613333613938333934323031616136353135633231303831
36623433376364323432663136643037356262343361393837643031306334326130663931353562
63633539353139343966303432653264373161323233396333353138336163363731396161326532
31333537646335313431333233623933626431363435333036663862343166623763663366316132
65613031386138353865356130663264626561353164353031666365373532383634336631383339
33323737373265353031303630313538366438666430333864336337626637656364326335343935
65623533323038313863333236623765383363613136373338663939363564373135646433613963
33666566663732366164316334646463366161313065626337313033333735353763363833633263
32373632633935353061383961653538333939303264383766623537313531613364313037626136
38303036353131623936636563633562326466313562306264366336363766653866653030636564
62363330393530643835383866663464663564653038336135333030356562663664363332383563
61303032616136313130363433643263633666316261376661383535323662653663386237653732
38623336336265346230346363313631663833656135666463633032326235393032353730356638
32366137616639336439396166343330326163613263346464633830326464653565623730646133
31393661616364653666373564363135646330373237313238356662326664376639623932646536
31393734626634653737313461323238386434373537613638623836643034326631363364643063
32366665353663323034343065653964306334313066663539633863316361346664633738316139
33313730386438663330333530343131643434333530366166366464393531626333613636353836
66306135353032313930346238353531616165373434653432316363366632343562666437623566
34653063616134356266336139373734656230633238363238626238336266343662376232346535
32323734343230366463636332303237393034353236306337343464323930376132393562303834
33656366333863356337383766653139313033373430373937396262656430626431656534306630
39623833336136346465323232663934323063616562323162363765323438393365333166613066
64313063313766643166383832343432373337333032396330613938356633356465336137633830
34343835663237616538376631383964373434346164313434626366326534363133343236316631
36383862363938636566386563393539313266313233373438386336623366396337633633353061
61333463616465373165383734376362663766376437366133646562366535383363346333613464
33386231386639373931323730623965633865396566626462633932373263303761383033326539
38343566303864316665613334353036336437393363343663653061376436613736333931396131
66343432343530313139386630306631383965646530623831653537303639636161306331323030
38633864613364616234373139303735346666666136653666366262303833306563343533373734
39363136663235646135666266306532636630653730613464326134616361383339636261323738
30383533623232613737363135356563313638323563363034333061386466303664353238366136
33666239623239623730316261376134356461366437393064623334396361306437646537353230
33663766623532623430643336353762663536643862656365303966336465326636303338356339
32633632623865313933386362643535663632393935656639666437633661363430643236643835
37316535303035396233616639643965393965663765303330396132336335666634366365623631
38323437343766316532373434663837376365633934366338633232313166353139613931336438
33653664393964386366623966323232376265633861643432636131393666383161356339633665
32383439616366653831646261313630653232333730663762613034353238626663623438653735
66626139383136316530376537633433306162333566643365333166393131393534616539306361
37396233333536373561343064383566643133626433643135656361653862356236373430306435
30636363633661613263623932613832613465383562333239643333333764613165653266356330
30343761633639353636666332313334626362366533363036303761666164373736363032323934
31316432616233633965653936333730323361353832663662633363366435653239633963316638
37366665646134353962343934326335373466633265313634363138373461316533343837323230
32346665383964383064333962646162366235356236313636373534343561636132363033343162
38616463313864656433613332373432613131653834373233313233356234323336323437366662
33613465366164393735663236663865313935646531316262636434666639356631653764396435
38313531363734303339353136643034346138616638656133663262323834633763376266666432
31616130643433353435343964313365396161666534353433656333653536616337313434653361
66303037333565353235653935393133353466646461353133613266623436323535623334376637
63376562383861383035343235373432623633306331333731303762626262333931356239383661
34353161376137353937636139636237323663376665643865626430626632346261646533323035
64366530333230363336306531363030663834623433363961363434336564396265323266636432
39326237343635383965643133366434303836393735363935656432333465356664303862343061
66376665333730663833353037643863313166323035306261353430346465613530356433633932
64636136306263383361393061313033323864363332356431643464346261633231363363653365
34643965613265623734613638343061613536326334373438633933623235323866356236326262
30623664363030356462316333336165663261663362383436323661396537626430616331393462
39356433646232353733396232646263313135306535636166366233646437376536303538336531
36643366343561306365363739313637323961393333366365646363653661333561323661386563
39653361663965333939613466656265376165373932363535396537363137626331383438313862
62613462376133623864343439383036393166353563303538666137623663656537663636356137
36356435336438306533316661366339373964393532323438623964376534356566303337383834
62353832313231393762306137363436393462316637373238343939623532353763333235663731
32396163633936653639333865663132303535366336653031386665313235666661393131633366
35636362633832313864363564316465613863666637343463663263313034306530343663626232
33656164363135643135353837646361626235646138663965633230613762313636313033623439
32303531656465323839383333616239636561653430336663383561396531346635656565653837
36316661303135643437653931666263383332386562313764383135346139633731323736633638
65656533623135653861373264636261663165633337626237333561626537313430363863633033
65623337663762353834646537373030323132323130373235666534316237346533643561653433
34333638623031643533326366363763396665373964353061636637303962373665636263373637
63636531353239333133333930333462633564326562363733323239333363616434343464346364
66393032333266323363353035636238346631366464633033326230303436653861303533636432
61356465616236383239313366383230613836663461393037366663343638333330393335313338
35393865323564343364336431666335626335336130646131363462636565653162333864343138
38363062396333643236643731326437316239313735383162636263666564633064333232383965
64363830323332376266393238336163366266623962636365373037363436356164336162363766
39346464313763626434663233613336336530383464313564666163626230333934386638616362
36363661383638366435656466663832343035643661313665373832346433313339346663393564
33353132616633343737653664316363616231363637646565383436623262343561383339643864
38326133343130636334636339323339653164613332393066666134633438623537346536356665
32643230613862316666386461306261373664653037383666323566303636396231366638623133
64613733376166666130643430353936656438663262666436623031653061363964306630663862
66353962353937663565373365373736623161626264396130663432393363373734386364656638
39663337373537333732666161313266646561383462636136646239343131653932633939636333
35613135643534316331393535653062323535366266666635636633376361306435333963333765
65376162306339336332373333336131313430666435626363396433336463363438313738613966
31626263353362386338626532373332303965303137336433373831383730663538623662643437
38343135396261373134343061316336633833663932613365623737346331313465373533343161
37646363333963343464653666353962336331323964633231633761393639353938303434356664
66646661306530373162313163363539386636663830383530623164363837306161353635643531
61633734623237353463363631663864313336363239386366623862666362393063356366613336
61356161663164353161643130366532393461323062363036613864333134333135353438386634
34613437623266633631396466316134393438613766643663396161653463373537333436396237
65363862353338373137323766326333333435316336303536383135373063303233303130373861
64393134656336376133623865396537313034666136663364323139396430623639366537386131
30333865653066336334326666393061653431383765663765393730613162336165646532306338
31306266633638363466303731333431353862303038343430326337653263303061383262626333
35343234393161643338323932323132613433323037323961356339313838323235383461373564
61636162643338343364303034343964323932653034366562623130353835353536383235636130
38633533323335663464343238343063636663316265306639666133363737346234306662353664
33653763323565363333643630343334333430636439636564363061663038316266353033313362
35616634626538356330373164333432356635303736336237383533373830346530303864343161
35356261306338636262363930623430396236306530616265643566353232323835336334616234
33383161386639306661633530363036303539313135613061626439383730613862303334336463
36366339386438366166393063626463383232316637653236646138393365313731643662386362
37616339353635656365343538643262356363306230343031323932366263646434376138613031
61343536323632366435656535623261313061383962656537396363616431616339326139326662
38306336656334653834633264343232666664303638343263343235663761333662333031336361
38383038366564666634363632356566333064646531323533373365326664623837333131323065
65613061366430656164393562613061356235343966303333633835363638623038333330386166
61393564636262323235303038656539313538353263656639343037363332376337643864643830
66336432643066653337366662626236333231646233663239383739366665373462633964386433
64646231363439643937383430376635373464343865363362386532333061383230666463356133
37393962643032303630386533343966616230343038666261646166343639376234356261363935
61313831653262353139323737313039333136373938306465623638643966376530373935323761
63633332643465356433396532653135666366623464383331336431396631633936303864313764
31316233316139343837616366653933333465613734396535623733623335323038643635666339
35336235643936366561646465323037663636643030303335646661656139316537623066623365
61306565373337326363323933636436313565666231343631366562326564633665366439663932
36363034623036383633643338356661666264653034613965626563633730353332663935323063
33396664663062356165383832653366373663363237633832633637313337363839373338306239
37653334656435663630333561336634643336613862316636366632333936373364303062373031
31613936303666316130653236376437343530383965623132303063366335366238326132303535
61616434363134366639306561613535333764323139326531356536323536343435613839623139
66666232643766663561386565333034313436613530646133663563633433316361313235616632
39376139643436353164636438363661613336656330613161633239613834303164303633353664
33306339633134363039663866666561383864303139373637646131306261336137326430313234
64643034346433366137656665363861393534613039316135326630373964643062373131363561
38373064366234376164333061653437646336356465313433363935333131373938306232336563
62636463376433646464623138333136363639653462656366303266636331323432313564613238
64343035366235326338343536363431393636346637623564356564343834663566343231363766
64613337353063303265353537386237353639313132613339343837326238306639643465393565
36333964346636346633356562646331616234393761623637323934636635343434666330326661
35326438373639306639633263383130656365313966393236613631636264626137623533383064
66333962393165376239613338613132633436373630313664616530666134373339363933373865
30333931316435383939333466396465306230633662643965306331633864613135326632303561
36373262653130333765306138316662626430636661363962356661613735643032306534336666
66613462383432346534373737346661656631653261366439656635366263653563376564373164
38346235303564323164613530393962636139376564626138643235343532386432356531633335
34333235323663363739373932303533353733316532613939646466663933666235323730616135
30306265336239363665336165393231643863643737633836663439313833306538393737643362
30643233393030616438663138366461313363313062373561373464326666633063303738363234
64663338636465633832656266653532653762393236373063656163313030336130376164613735
62356631633864626661333636313261323533653133613166323635636539626431353161356331
39386366393436663732363338383738383636343365663736313831363434633666643638626565
34613861633732613338363166653433623230323866343934623431323035636535316437383231
30666334623664633563363332333239346132646661306564393365663262636239326333363764
65636139646565643265666135303332343131663665633034633536343466326365326336343363
30386664346335343331323831353934396263653837663538636336666539316230636563386264
30343739313466316639333261363437663131353866316663336335383861633334643466646237
65646334323536653663393737313231326333376130333561663734323136643632363431316433
34663936366338333030353337336265356637656166646130323062363336306461383766306563
63643130613232333533613961353531313663333263353461356364653364353935393838303633
63366537613964663561656534643234373532343965353030666364306666366238643232343766
36616463316366343630313137613666313064633637323030333966353432636434
